1885 8
1887 2
1886 8
1883 1
1884 4
1883 4
1886 4
1887 9
1885 8
1884 9
1887 2
1886 9
1885 7
1883 2
1884 3
1886 7
1885 5
1883 4
1884 2
1887 8
1885 6
1883 5
1886 1
1884 3
1887 7
1883 8
1884 2
1886 9
1885 3
1887 1
1884 5
1886 7
1883 8
1885 9
1887 9
1883 1
1886 7
1884 3
1885 8
1887 8
1883 6
1886 4
1884 4
1885 2
1887 1
1883 7
1884 5
1886 2
1885 4
1887 3
1883 5
1886 7
1884 2
1885 2
1887 5
1883 1
1886 1
1885 8
1884 7
1887 6
1883 4
1885 9
1886 7
1884 3
1887 3
1886 1
1883 9
1885 2
1884 4
1887 9
1883 3
1886 1
1885 7
1884 9
1887 1
1883 8
1886 1
1885 6
1884 7
1887 8
1883 6
1885 9
1886 9
1884 4
1887 1
1886 5
1885 1
1883 1
1884 7
1887 6
1883 2
1886 2
1885 6
1884 3
1887 8
1883 3
1885 9
1886 4
1884 2
1887 3
1883 7
1886 6
1885 9
1884 3
1887 5
1885 6
1883 7
1886 1
1884 9
1887 2
1886 5
1883 4
1885 1
1884 4
1887 9
1883 7
1885 7
1886 9
1884 7
1887 5
1883 6
1886 5
1885 5
1884 5
1887 2
1883 7
1886 1
1885 2
1887 1
1884 1
1883 3
1886 7
1885 5
1887 5
1884 3
1883 8
1886 8
1885 6
1884 5
1887 5
1883 7
1885 2
1886 8
1887 5
1884 2
1883 7
1885 2
1886 6
1887 9
1884 1
1883 6
1886 7
1885 4
1887 5
1884 1
1883 8
1884 5
1887 6
1886 6
1885 8
1883 8
1884 9
1887 6
1886 7
1885 7
1883 5
1887 4
1884 3
1886 6
1885 1
1887 2
1883 9
1884 7
1885 3
1886 1
1883 3
1884 9
1887 3
1886 7
1885 2
1883 4
1884 2
1887 4
1885 1
1886 5
1883 6
1884 9
1886 7
1887 8
1885 2
1883 3
1884 3
1886 2
1887 9
1885 9
1886 8
1887 2
1883 7
1884 3
1885 2
1887 2
1886 6
1883 3
1884 2
1885 3
1883 5
1886 9
1887 4
1884 2
1885 8
1887 6
1886 6
1884 1
1883 7
1885 1
1884 4
1886 2
1883 4
1887 4
1885 9
1887 1
1883 4
1886 7
1884 5
1885 9
1884 9
1883 9
1886 4
1887 6
1884 1
1886 2
1883 9
1887 9
1884 9
1883 8
1886 6
1887 1
1886 9
1887 2
1884 4
1883 9
1887 7
1883 1
1886 1
1884 1
1887 4
1883 1
1886 9
1884 1
1883 7
1887 4
1886 5
1884 6
1886 1
1884 7
1883 7
1887 6
1884 2
1883 5
1887 3
1886 4
1884 2
1883 2
1887 7
1886 4
1886 5
1887 7
1883 3
1884 9
1884 9
1883 2
1887 1
1886 2
1883 2
1887 2
1884 4
1886 8
1884 4
1883 9
1884 1
1883 7
1884 4
1883 8
1883 5
1884 4
1883 5
1884 4
1883 4
1884 1
1884 5
1884 8
